193857642256413897874629135635291478981764253742385961328546719417932586569178324
723465189546189327981372645639254718458617293217893564165938472872541936394726851
917824365256937184384156792742689513893541627561372948439768251678215439125493876
285374169974216583361985427742863915639157842518492736196528374823749651457631298
738642915264195837159387462897263541641578293325419786512934678483756129976821354
567921438298374561341568972429856317736412859185793624953287146674139285812645793
134592786269871435875634219491356827752948361683127594517289643326415978948763152
397218456654793281182546379826359714543871692971624538439165827768932145215487963
861729345543168279792345861915874632438296517627513984354987126286451793179632458
341927865892654173765183924528496731637812459914375682453769218179238546286541397
973542618824761593165938724591824367786153249432697185649315872317289456258476931
925841367317296584468735192754618923691327845832954671146582739289173456573469218
573962841946381572812457369691278453735194286284536917357649128428713695169825734
928364157361275984745918362156427893834691725297853416472589631619732548583146279
697813254435672819218459637984527163572136498361948572123785946856394721749261385
592873641736451892841629753275938416184265937963714285457192368619387524328546179
359172684768945321142836795516497238283651479974283156635719842891324567427568913
762438159398521764415967328657389241249715683183642975876194532934256817521873496
826753149345891672197426583712684935453219768689375421934568217261937854578142396
921634587638752194457198326745983261196247835283516479512869743379421658864375912
768142953392675184541893762275918436984536217136724895813267549429351678657489321
296153748357486921148729365632597814974861532815342679469275183723918456581634297
649315728827964315513872946134596872798243651265781439356429187481657293972138564
713856924489127356256394817368549172924718563175263489892631745641975238537482691
819623574726549318534781629258376941971452863463918257647835192185297436392164785
824136975957428361613957248536782419279341856481695723362579184745813692198264537
357641892629538714841729653296415387584372961713986425468157239132894576975263148
943185672815762349762934518594216837281473965376598421139847256457629183628351794
529438761387691245164257938792164583831975426645823197278546319456319872913782654
125783946976524381483961752817236495394157628562498173751342869248619537639875214
764351982321978456895264137249537861538612749176489523913846275682795314457123698
763451892829736451154289763548197326632548917917362548376924185481675239295813674
167895243485326197923417658278539461654172839391684725536741982749258316812963574
531846972942317685768952431157264893326798154894531267619475328485623719273189546
526179384948365721731842695397658412482917563615234978179483256854726139263591847
576912384182473956934856271325647198491528637768139542643285719217394865859761423
398546127751928634246731598672459381589317246413682975824195763137264859965873412
186974523259183476374265981698752134435891267721436895543628719962517348817349652
981762435672543918354819627245391786738456291169287354516924873823675149497138562
741862593523941786986753412835417629419526378267398145374285961692134857158679234
867915432925436871134728695241897563389561724576243189618352947793184256452679318
146398275723514986589672143265937418974185362831246597452861739697453821318729654
173286549652941837489537162865392471247165398931478256324719685716854923598623714
746381925293457816185962347469513278851276439327849561632198754974635182518724693
854329761632517489917864325143796852295438176768251934486172593321985647579643218
912467583456389271378215694895643712241758936637192458729834165184576329563921847
329786541478315296615429873543178629792563418186294357837942165251637984964851732
813479256749256318652138947974382561325614789168597432486723195231965874597841623
358612497149738562672459318467581923831926745295347681923874156784165239516293874
364729581127586439589314267715438692296157843438692175871965324952843716643271958
492857361165423897378619245984571632637982154521346978849265713753198426216734589
927831645168945237543276918739412856681593472254768193396187524472659381815324769
487213596692587431531694278756849312128735964943126785314962857265378149879451623
416352897832974165597618342659741283728539614341286579163427958975863421284195736
218974536537162849649835712456319278823547691971286354785421963192653487364798125
149756283685324791732891654521463879394287516867915432256138947418679325973542168
372918564614375892958462317187643925546129738239587641891256473465731289723894156
138764529924351786675289134846172953713945862259638417582496371391827645467513298
256437981349186572781592346592843617467219835813675294674958123935721468128364759
297184356481635279356297184574368912962471835813529647139742568725816493648953721
641785923253649178897231456176354289524897631389126745768413592435962817912578364
982457136673921485415836279251693847764518392398742561539264718127389654846175923
861935724974286315235741986342867591659312847718459263527194638486523179193678452
542637819398421576761598243154279368273816954986354721637185492819742635425963187
768149235143527869529368174952876341834912756617453982395681427471235698286794513
673412859925863147418597236731945682596278413284631795152789364849326571367154928
816379542435628179729451863643517928271984356598236714967143285154892637382765491
567412983948376215123589476691258734732694158485731692316925847279843561854167329
734685129562941738981327465498256317257193684613478592145839276876512943329764851
395762184216948537874153296963587412427319865581624973158276349732491658649835721
385647921792831546461925783238179465547368192619254378856793214923416857174582639
163749528854312796279568431986425173425173689731896245392657814547981362618234957
431628579596371428287945631129853764678412953354796182845269317963187245712534896
451783269836492157792561438964158723513247986287639514625374891149826375378915642
514839762289476153367251498978612345643598217152347986735164829891725634426983571
461572839873649152529831647387465921942713568156928374215387496638294715794156283
641752893279831465385496172128965347564317928793248651912584736456173289837629514
462319857938527146157846923743695281826174395591238764274951638385762419619483572
931475286745286913628193547356827194219534678487619325894351762163742859572968431
129674538465382791873951624241865973796143852358297146684529317517438269932716485
236415798597862431814793265675931842128647359349528617462179583751386924983254176
692174538587396412314528697731459286256817349948632751125783964473961825869245173
853247961947561283621938754276453198485196372319782645562374819198625437734819526
812593647735614298964872351287961534596347182143258769429135876658729413371486925
186952374793846251425137869354761982869325417217489536541693728972518643638274195
129673845567428931348915672683791254971254368452386719714832596896547123235169487
248917536639254187157368294815673429763429815924581673372145968486792351591836742
162748539374159286589236174418563792923874651756921348835692417297415863641387925
673184592241957386598263174326715948754892613189436725415329867862571439937648251
738692145612548973594137826985423617147956382326871594479385261251769438863214759
439861572681527394275394168548739216912645837367218459123986745856473921794152683
738951624962348517541672389689217435324596871175483296216734958457829163893165742
679531248214689753853427916428956137791348562365712894586173429132894675947265381
619853742842679531537214869368127495291548673754396218173482956985761324426935187
